image: levine.pgm
resolution: 0.050000
origin: [-56.224998, -60.024998, 0.0]
negate: 0
occupied_thresh: 0.65
free_thresh: 0.196

